1.000000000 0.000000000 -0.000000000 0.000000000 0.000000000 1.000000000 0.000000000 0.000000000 -0.000000000 0.000000000 1.000000000 0.000000000
0.999960857 -0.001391536 0.008737758 -0.009649026 0.001427034 0.999990749 -0.004057737 -0.003363467 -0.008732030 0.004070047 0.999953592 0.001698054
0.999826204 -0.001659910 0.018568964 -0.020556379 0.001699208 0.999996350 -0.002100750 -0.006580127 -0.018565409 0.002131937 0.999825375 0.003549254
0.999752094 -0.004581627 0.021788964 -0.031256141 0.004655500 0.999983582 -0.003340870 -0.010785999 -0.021773299 0.003441481 0.999757010 0.006290936
0.999716059 -0.004726210 0.023355177 -0.039969381 0.004897350 0.999961538 -0.007275931 -0.014050965 -0.023319891 0.007388244 0.999700753 0.008000560
0.999668404 0.001029539 0.025729787 -0.049063239 -0.000546475 0.999823595 -0.018774468 -0.017834489 -0.025744577 0.018754182 0.999492620 0.009722117
0.999432840 0.007710571 0.032780254 -0.058227331 -0.006892570 0.999663833 -0.024994277 -0.020225095 -0.032961955 0.024754161 0.999150009 0.011391817
0.999270125 0.011340207 0.036477616 -0.065152105 -0.010130326 0.999397942 -0.033183287 -0.022500659 -0.036831960 0.032789537 0.998783386 0.013372490
0.999240343 0.012722062 0.036835923 -0.072287508 -0.011284796 0.999176795 -0.038966465 -0.024952058 -0.037301333 0.038521178 0.998561330 0.016181192
0.999292544 0.010682323 0.036059653 -0.078745186 -0.009285535 0.999208384 -0.038683132 -0.027397705 -0.036444334 0.038320933 0.998600679 0.019732751
0.999333118 0.006583424 0.035916262 -0.083599009 -0.005331365 0.999378488 -0.034845568 -0.029254138 -0.036123342 0.034630847 0.998747119 0.022868781
0.999481484 0.004450635 0.031889740 -0.088504245 -0.003399415 0.999451453 -0.032942936 -0.031154963 -0.032018864 0.032817448 0.998948351 0.026570413
0.999659833 0.002763325 0.025934209 -0.093066164 -0.002003486 0.999569267 -0.029279129 -0.033112737 -0.026003946 0.029217210 0.999234782 0.030827516
0.999710028 -0.000099914 0.024080091 -0.096246693 0.000733030 0.999654229 -0.026284703 -0.034738295 -0.024069138 0.026294733 0.999364430 0.034492244
0.999830092 0.000536643 0.018425513 -0.099426895 0.000012551 0.999556087 -0.029793092 -0.036468044 -0.018433322 0.029788262 0.999386248 0.038402921
0.999916985 0.004520702 0.012065955 -0.102506276 -0.004107033 0.999410285 -0.034091269 -0.038118742 -0.012212956 0.034038883 0.999345885 0.042787439
0.999956202 0.004014874 0.008454325 -0.104075319 -0.003696867 0.999297271 -0.037300111 -0.039854543 -0.008598139 0.037267222 0.999268345 0.046944684
0.999994506 0.002731282 0.001878292 -0.105357224 -0.002642357 0.998946264 -0.045818986 -0.042581534 -0.002001458 0.045813771 0.998947993 0.051476095
0.999974694 0.002659595 -0.006598336 -0.106379910 -0.002960776 0.998934137 -0.046063266 -0.045155499 0.006468794 0.046081636 0.998916732 0.056593159
0.999892578 0.004417063 -0.013975785 -0.107057752 -0.005018407 0.999049976 -0.043289282 -0.046984915 0.013771296 0.043354768 0.998964822 0.061070742
0.999819602 0.003981720 -0.018571728 -0.106920379 -0.004790870 0.999031902 -0.043729929 -0.049822193 0.018379628 0.043811015 0.998870755 0.066125045
0.999593440 0.006883330 -0.027669029 -0.107007939 -0.008319774 0.998605128 -0.052139995 -0.053675340 0.027271538 0.052348997 0.998256403 0.071158337
0.999328711 0.014986954 -0.033429315 -0.106942354 -0.016615805 0.998660958 -0.048991907 -0.055667112 0.032650312 0.049514474 0.998239587 0.075140040
0.998952637 0.020579821 -0.040866858 -0.107202601 -0.022885644 0.998124333 -0.056780826 -0.060159672 0.039621667 0.057656620 0.997549917 0.080196984
0.998768943 0.020003496 -0.045392286 -0.105998896 -0.022592874 0.998103193 -0.057267606 -0.064973796 0.044160633 0.058222648 0.997326407 0.085086602
0.998787401 0.018779530 -0.045508869 -0.104140022 -0.021526094 0.997927940 -0.060633769 -0.070040080 0.044275898 0.061539873 0.997122103 0.090467359
0.998693183 0.017601920 -0.047980192 -0.102776330 -0.020815627 0.997513939 -0.067324962 -0.076334827 0.046675862 0.068235718 0.996576766 0.095479685
0.998529335 0.015654867 -0.051904655 -0.101619679 -0.020052920 0.996151277 -0.085325926 -0.085188023 0.050369122 0.086241280 0.995000198 0.099537588
0.998192402 0.019039934 -0.057003585 -0.101961463 -0.023555953 0.996546118 -0.079630097 -0.090000726 0.055290549 0.080828932 0.995193267 0.103760876
0.997910876 0.021384187 -0.060963928 -0.102650638 -0.026727631 0.995741746 -0.088227035 -0.097382567 0.058817665 0.089672140 0.994233066 0.106816161
0.997300427 0.029880699 -0.067074608 -0.104669084 -0.036517632 0.994315986 -0.100010915 -0.105588336 0.063704959 0.102190334 0.992722929 0.109528152
0.997203783 0.030456836 -0.068242193 -0.105602671 -0.037740538 0.993420893 -0.108122988 -0.112654147 0.064500136 0.110396150 0.991792530 0.112070331
0.997190895 0.030349447 -0.068477954 -0.106860133 -0.038249525 0.992374132 -0.117177455 -0.120069268 0.064399479 0.119467541 0.990747301 0.115028922
0.997197847 0.028613339 -0.069121132 -0.108535198 -0.036914003 0.991847475 -0.121966977 -0.126955790 0.065067738 0.124176745 0.990124399 0.118900413
0.997086416 0.026470343 -0.071540205 -0.110555037 -0.035425491 0.991274769 -0.126962071 -0.132130881 0.067555271 0.129126503 0.989324331 0.121740191
0.996281231 0.027534510 -0.081642882 -0.115053255 -0.037970732 0.990895382 -0.129168746 -0.136376248 0.077342956 0.131788437 0.988255976 0.124294478
0.996007724 0.024695013 -0.085783271 -0.118970944 -0.035672184 0.991017108 -0.128889822 -0.140160662 0.081829753 0.131435335 0.987941620 0.127907636
0.995934889 0.023492478 -0.086958614 -0.121821188 -0.034673547 0.990986951 -0.129393230 -0.142863195 0.083135084 0.131882395 0.987773047 0.130891694
0.995978084 0.021335717 -0.087019786 -0.125309677 -0.032524952 0.991076222 -0.129267356 -0.145482703 0.083485229 0.131577768 0.987784140 0.134777476
0.995955049 0.021453669 -0.087254113 -0.129784777 -0.032566046 0.991239244 -0.128000836 -0.147300900 0.083743614 0.130324600 0.987928391 0.138752356
0.996054660 0.021592042 -0.086074961 -0.133596171 -0.032222249 0.991747315 -0.124092665 -0.148102876 0.082685197 0.126376606 0.988530278 0.142164628
0.996072148 0.024226341 -0.085166659 -0.138751453 -0.034828105 0.991508431 -0.125291794 -0.149301226 0.081408098 0.127765860 0.988457691 0.145661074
0.996015084 0.027116313 -0.084962681 -0.145020322 -0.037545026 0.991614113 -0.123660106 -0.149740259 0.080896987 0.126357257 0.988680697 0.149425135
0.995840490 0.034818471 -0.084198535 -0.150471362 -0.044557704 0.992166225 -0.116708156 -0.148314097 0.079475343 0.119974400 0.989590730 0.152668621
0.996372457 0.029116139 -0.079963600 -0.156164285 -0.038408593 0.992359639 -0.117248144 -0.149793271 0.075938836 0.119894111 0.989878121 0.156344914
0.996738191 0.029964861 -0.074933881 -0.163145303 -0.038473293 0.992641750 -0.114813595 -0.149930637 0.070942125 0.117322048 0.990556789 0.160716129
0.996999247 0.029008626 -0.071770477 -0.169679318 -0.037080361 0.992808929 -0.113822131 -0.150367976 0.067952547 0.116141854 0.990905405 0.163611280
0.997544704 0.025855853 -0.065084850 -0.176533805 -0.032786319 0.993634491 -0.107775490 -0.150227114 0.061883925 0.109644762 0.992042542 0.167270469
0.997929375 0.022511499 -0.060251105 -0.185886587 -0.028960133 0.993686195 -0.108393063 -0.151289682 0.057430601 0.109913501 0.992280579 0.169895140
0.998397858 0.018003508 -0.053643174 -0.193237444 -0.023396860 0.994542593 -0.101674076 -0.151383052 0.051519931 0.102766261 0.993370420 0.173285694
0.998647738 0.013330866 -0.050249217 -0.202821509 -0.018326847 0.994787044 -0.100313822 -0.152710124 0.048650000 0.101099081 0.993686144 0.175517673
0.999138908 0.005917812 -0.041066067 -0.212837155 -0.009979968 0.994994548 -0.099429621 -0.154745399 0.040272107 0.099753841 0.994196826 0.178636158
0.999465070 -0.000473264 -0.032700929 -0.220891354 -0.003001325 0.994348519 -0.106122640 -0.158109405 0.032566344 0.106164018 0.993815191 0.180242048
0.999710022 -0.004607284 -0.023635660 -0.230667152 0.002199639 0.994894473 -0.100896722 -0.158558693 0.023979847 0.100815475 0.994616110 0.183750009
0.999880537 -0.005303257 -0.014518480 -0.242276101 0.003835151 0.995045978 -0.099341796 -0.159002883 0.014973390 0.099274248 0.994947447 0.187160878
0.999920622 -0.012378194 -0.002351773 -0.249626949 0.012077717 0.994821485 -0.100917502 -0.161683000 0.003588771 0.100881087 0.994892018 0.190841881
0.999839859 -0.016658374 0.006538675 -0.259285558 0.017232162 0.994772862 -0.100647926 -0.163326732 -0.004827866 0.100744484 0.994900618 0.194516138
0.999580646 -0.022265304 0.018514544 -0.269083043 0.023954287 0.995029169 -0.096659943 -0.164472999 -0.016270348 0.097062911 0.995145249 0.199996121
0.999170925 -0.028029203 0.029526691 -0.276226755 0.030659165 0.995217296 -0.092749932 -0.165771450 -0.026785767 0.093578299 0.995251538 0.204721436
0.998771680 -0.032677291 0.037246836 -0.284753932 0.035933444 0.995257363 -0.090396729 -0.167445275 -0.034116267 0.091624100 0.995209076 0.208863229
0.998214690 -0.038258821 0.045866069 -0.293646255 0.042175203 0.995253263 -0.087705153 -0.169445050 -0.042292859 0.089482982 0.995090001 0.213022891
0.997869410 -0.040764322 0.050940274 -0.301181442 0.045170018 0.995045887 -0.088562703 -0.171226130 -0.047077712 0.090674985 0.994767177 0.215186086
0.997457024 -0.043911090 0.056136456 -0.309047230 0.048788836 0.994862861 -0.088699136 -0.173050373 -0.051953199 0.091212408 0.994475320 0.217441046
0.997240230 -0.044876456 0.059144132 -0.318395255 0.050086248 0.994702426 -0.089768878 -0.174330551 -0.054802303 0.092483444 0.994204969 0.219321295
0.997076780 -0.043242998 0.062991567 -0.325313494 0.048899617 0.994629724 -0.091216987 -0.174760926 -0.058708789 0.094030603 0.993836769 0.221449428
0.996649544 -0.044377543 0.068704593 -0.331680418 0.050458336 0.994711289 -0.089461772 -0.175430207 -0.064371141 0.092628753 0.993617769 0.225006406
0.996129947 -0.044393249 0.075857557 -0.337913154 0.051070687 0.994767617 -0.088482614 -0.175848294 -0.071532610 0.092014279 0.993185007 0.228881056
0.995732785 -0.046691044 0.079600049 -0.342948406 0.053466396 0.994925936 -0.085227492 -0.176209206 -0.075216792 0.089119736 0.993176775 0.231608455
0.995686440 -0.046936438 0.080034270 -0.349446243 0.053846442 0.994796705 -0.086487438 -0.176915008 -0.075558415 0.090423930 0.993032949 0.232725618
0.995511524 -0.047252183 0.082000226 -0.355796074 0.054271924 0.994850056 -0.085603292 -0.176839323 -0.077532987 0.089669374 0.992949163 0.233970142
0.995349726 -0.046922424 0.084126147 -0.360309573 0.054092962 0.994904028 -0.085087763 -0.176712013 -0.079704919 0.089242714 0.992815624 0.235052772
0.995089774 -0.047029572 0.087089385 -0.364878957 0.054644855 0.994688366 -0.087229550 -0.177261293 -0.082524429 0.091560220 0.992374145 0.235714151
0.994720769 -0.048039897 0.090679436 -0.369099260 0.056227624 0.994352229 -0.090011665 -0.178256027 -0.085843148 0.094635162 0.991803983 0.235746252
0.994603727 -0.048025701 0.091961726 -0.372777639 0.056857049 0.993760489 -0.095955023 -0.179804608 -0.086779623 0.100665896 0.991128485 0.234513997
0.994361937 -0.049316669 0.093873341 -0.376443615 0.058458476 0.993539979 -0.097267248 -0.180363933 -0.088470021 0.102206542 0.990821315 0.233585094
0.994374242 -0.047974579 0.094436787 -0.380970482 0.057510852 0.993223070 -0.100997204 -0.180525528 -0.088951497 0.105860158 0.990394496 0.232086419
0.994235037 -0.048899939 0.095422678 -0.384341065 0.058608136 0.993082818 -0.101742825 -0.180440659 -0.089787404 0.106748827 0.990223667 0.230988603
0.994604377 -0.046558412 0.092706246 -0.389311252 0.055912360 0.993313797 -0.101002520 -0.178103030 -0.087383877 0.105640973 0.990557440 0.229010021
0.994887803 -0.040772962 0.092389526 -0.394846777 0.049935873 0.993819602 -0.099141347 -0.173346525 -0.087776236 0.103248069 0.990775034 0.228527340
0.994738430 -0.038260757 0.095034572 -0.398063218 0.047277110 0.994400569 -0.094511289 -0.169393867 -0.090886359 0.098506971 0.990977319 0.229480026
0.995050720 -0.033756107 0.093459028 -0.403338819 0.042789707 0.994421791 -0.096407169 -0.165869167 -0.089683364 0.099929107 0.990944533 0.227500542
0.995075950 -0.027460686 0.095235307 -0.407315178 0.036576257 0.994773311 -0.095332250 -0.160206444 -0.092119653 0.098346180 0.990879407 0.225959335
0.995047650 -0.023857965 0.096493372 -0.410734751 0.033325956 0.994654643 -0.097731882 -0.157190600 -0.093645896 0.100463614 0.990523856 0.224175957
0.995477824 -0.022406358 0.092313910 -0.415498082 0.032077416 0.993991691 -0.104649692 -0.156161090 -0.089414441 0.107137639 0.990215423 0.219689935
0.995464043 -0.023040103 0.092306510 -0.418331887 0.032506774 0.994211577 -0.102404342 -0.153073008 -0.089412794 0.104940427 0.990450836 0.216449708
0.995036861 -0.025635137 0.096148243 -0.418951208 0.034572678 0.995114738 -0.092473717 -0.149693383 -0.093307958 0.095338860 0.991062121 0.215391148
0.994925137 -0.029094063 0.096319814 -0.420732462 0.037964930 0.995073203 -0.091585939 -0.148559622 -0.093180659 0.094777928 0.991127897 0.211424063
0.994688538 -0.033161583 0.097442403 -0.422048247 0.042137487 0.994908475 -0.091550853 -0.147755290 -0.093910301 0.095170562 0.991021402 0.206822706
0.994505270 -0.037369676 0.097789445 -0.422995554 0.046293326 0.994807466 -0.090636821 -0.146727008 -0.093894602 0.094665795 0.991071234 0.202060848
0.994262003 -0.039331534 0.099479145 -0.424085578 0.048792134 0.994325555 -0.094530515 -0.145225581 -0.095196625 0.098841899 0.990539187 0.196637391
0.994071258 -0.039516528 0.101295499 -0.424761460 0.049523509 0.993927734 -0.098260274 -0.142199071 -0.096797501 0.102694223 0.989991990 0.190874503
0.993492102 -0.042008412 0.105871318 -0.424621330 0.052808855 0.993446291 -0.101369086 -0.139976080 -0.100919113 0.106300330 0.989199460 0.187278464
0.993301678 -0.041635820 0.107787917 -0.425001670 0.053003446 0.993075215 -0.104843946 -0.135577811 -0.102676245 0.109854798 0.988630119 0.182501362
0.992856279 -0.045063276 0.110479459 -0.424838659 0.056074431 0.993538402 -0.098676759 -0.129509458 -0.105318887 0.104166912 0.988967738 0.178616332
0.992240060 -0.051092388 0.113354452 -0.424000908 0.062051151 0.993507414 -0.095355507 -0.125750300 -0.107746548 0.101649328 0.988968197 0.175587220
0.992210675 -0.053613314 0.112443717 -0.424597757 0.063606107 0.994153707 -0.087250613 -0.118394791 -0.107108544 0.093723097 0.989820055 0.170710833
0.991993306 -0.054655608 0.113850983 -0.425162233 0.063824153 0.994868473 -0.078506048 -0.110335871 -0.108975958 0.085143916 0.990391213 0.166652846
0.991686302 -0.054828694 0.116413458 -0.425594352 0.063435376 0.995417039 -0.071560259 -0.103801135 -0.111956385 0.078350061 0.990619521 0.163189007
0.991151961 -0.054807871 0.120887914 -0.425819941 0.063386292 0.995649536 -0.068294801 -0.098182669 -0.116618902 0.075353162 0.990314058 0.159212912
0.990894183 -0.051776956 0.124289444 -0.426786686 0.060950973 0.995599553 -0.071179418 -0.092729950 -0.120057061 0.078106834 0.989689661 0.153862962
0.990552113 -0.051433455 0.127126355 -0.427787303 0.060326301 0.995919472 -0.067120353 -0.088415669 -0.123155381 0.074155270 0.989612928 0.149809454
0.990343865 -0.053050076 0.128080903 -0.429004443 0.062014566 0.995820746 -0.067046522 -0.085688502 -0.123988797 0.074341993 0.989494844 0.144566970
0.989789622 -0.056925487 0.130675145 -0.430656403 0.065174343 0.996084152 -0.059738314 -0.082657588 -0.126762808 0.067645030 0.989623838 0.139545352
0.989290509 -0.058568922 0.133693571 -0.431738043 0.067794256 0.995545320 -0.065524455 -0.082381337 -0.129260312 0.073886377 0.988854173 0.136564700
0.990109815 -0.052547869 0.130081802 -0.434363945 0.061700599 0.995819153 -0.067359114 -0.077468548 -0.125998372 0.074719045 0.989212553 0.130074163
0.989817841 -0.046139065 0.134654477 -0.436080691 0.055319091 0.996334558 -0.065247580 -0.071016487 -0.131150446 0.072032182 0.988742092 0.126961725
0.988872488 -0.047218756 0.141072998 -0.437164291 0.057661678 0.995817056 -0.070876813 -0.070401569 -0.137136182 0.078222637 0.987458802 0.125859016
0.987994248 -0.049394863 0.146381396 -0.438640403 0.060147251 0.995734804 -0.069960766 -0.068264749 -0.142301349 0.077925273 0.986751224 0.124135455
0.987000879 -0.054673242 0.151129419 -0.440444405 0.065400135 0.995611258 -0.066940611 -0.066812116 -0.146806291 0.075954327 0.986244824 0.121795310
0.986204640 -0.058730087 0.154761706 -0.441756693 0.069263820 0.995570824 -0.063570891 -0.065103633 -0.150342716 0.073413295 0.985904436 0.119828547
0.984924857 -0.065822104 0.159970236 -0.444029773 0.075857998 0.995461970 -0.057454602 -0.063555519 -0.155462503 0.068723488 0.985448371 0.118536350
0.982975870 -0.072403588 0.168867284 -0.446485939 0.082072684 0.995321068 -0.050990647 -0.060942209 -0.164385259 0.063981967 0.984318950 0.118281542
0.981560992 -0.074402678 0.176074590 -0.448744253 0.083802678 0.995394187 -0.046556668 -0.057075191 -0.171799682 0.060453731 0.983275249 0.118066541
0.980011405 -0.075442532 0.184081696 -0.451665552 0.085107826 0.995347304 -0.045170809 -0.052988705 -0.179817420 0.059934701 0.981872460 0.118214323
0.978229770 -0.078612076 0.192058996 -0.455675495 0.087222562 0.995509510 -0.036783683 -0.047740455 -0.188304915 0.052734771 0.980693786 0.117282148
0.976023961 -0.083507343 0.201006841 -0.458651855 0.091679307 0.995284565 -0.031678676 -0.045400913 -0.197413605 0.049347315 0.979077480 0.117897809
0.973411281 -0.089336155 0.210925412 -0.462192741 0.096966497 0.994945554 -0.026092974 -0.042798427 -0.207528255 0.045851893 0.977153840 0.117888186
0.969588408 -0.096796009 0.224786235 -0.466177545 0.103661475 0.994432763 -0.018915048 -0.040255201 -0.221703896 0.041641484 0.974224496 0.119408647
0.966390945 -0.102391511 0.235806108 -0.469927470 0.108688691 0.993979657 -0.013827837 -0.037913538 -0.232970621 0.038992554 0.971701739 0.120393007
0.962830385 -0.107725909 0.247694929 -0.474571127 0.113634247 0.993475896 -0.009638519 -0.034762951 -0.245040623 0.037426886 0.968790133 0.121521365
0.958182222 -0.114958353 0.262052296 -0.479939686 0.121026092 0.992624097 -0.007077282 -0.032175968 -0.259305830 0.038496491 0.965027723 0.123597309
0.954260964 -0.123588267 0.272235107 -0.484937598 0.127391711 0.991845470 0.003730329 -0.030163107 -0.270476183 0.031120789 0.962223535 0.124610766
0.948557434 -0.134530104 0.286601546 -0.490178202 0.137802603 0.990420446 0.008819497 -0.029670041 -0.285042518 0.031128640 0.958009275 0.127552180
0.942463849 -0.147086908 0.300212148 -0.495999459 0.147156846 0.988856988 0.022510447 -0.027805687 -0.300177873 0.022962991 0.953606809 0.130337604
0.938468925 -0.152467118 0.309886843 -0.501305212 0.150626606 0.988135123 0.030010069 -0.024263668 -0.310785622 0.018513687 0.950299711 0.131910648
0.932467918 -0.160724305 0.323529410 -0.506831031 0.156445214 0.986901474 0.039374813 -0.021186225 -0.325620141 0.013898878 0.945398511 0.135127754
0.927266425 -0.169768605 0.333699862 -0.513125537 0.164386249 0.985390552 0.044526629 -0.018942260 -0.336383915 0.013567621 0.941627199 0.136636942
0.922577350 -0.179086227 0.341729655 -0.518799305 0.171068095 0.983793204 0.053727451 -0.017639676 -0.345813158 0.008891312 0.938261266 0.138020372
0.919238207 -0.186752051 0.346590235 -0.525426079 0.174601252 0.982407000 0.066263784 -0.014711771 -0.352867571 -0.000397113 0.935673191 0.138095653
0.916114234 -0.196075456 0.349698621 -0.533140567 0.181239478 0.980574284 0.075008830 -0.013591259 -0.357612866 -0.005337461 0.933854673 0.137500994
0.911847439 -0.204175830 0.356155131 -0.538537764 0.186905457 0.978894680 0.082653229 -0.013477135 -0.365514155 -0.008799797 0.930764184 0.139772437
0.905906271 -0.209546082 0.368000364 -0.543832482 0.190759822 0.977759534 0.087160676 -0.012169500 -0.378080043 -0.008759719 0.925731467 0.145214410
0.899865441 -0.214871466 0.379568758 -0.550054125 0.195474800 0.976622117 0.089436255 -0.011636975 -0.389912543 -0.006284468 0.920830448 0.150700333
0.896280627 -0.218032276 0.386190322 -0.555559270 0.196643712 0.975901540 0.094590885 -0.010107107 -0.397507596 -0.008838079 0.917556320 0.153383975
0.894255357 -0.217855912 0.390955442 -0.561689452 0.196828207 0.975957434 0.093625551 -0.008000120 -0.401952750 -0.006774092 0.915635352 0.155411381
0.894341316 -0.215377250 0.392130401 -0.569162393 0.191982081 0.976447421 0.098454630 -0.002832691 -0.404099607 -0.012770033 0.914625844 0.154493095
0.893889443 -0.214629380 0.393568155 -0.574484529 0.188339005 0.976500437 0.104763139 0.001207191 -0.406804723 -0.019522429 0.913306516 0.153531230
0.891817953 -0.216892778 0.397011665 -0.580222720 0.190647771 0.976030991 0.104961572 0.001661765 -0.410261096 -0.017917225 0.911792085 0.154929188
0.890778908 -0.213804203 0.400999626 -0.586095277 0.186581621 0.976674962 0.106270023 0.005608047 -0.414367272 -0.019843935 0.909893390 0.156696253
0.891030949 -0.211595636 0.401610675 -0.591269477 0.186533373 0.977240600 0.101025298 0.007786292 -0.413846769 -0.015102873 0.910221267 0.157360569
0.892015087 -0.209161008 0.400700333 -0.597898996 0.184004759 0.977747972 0.100752924 0.011427691 -0.412857522 -0.016142360 0.910652563 0.156913253
0.894287908 -0.202069215 0.399270798 -0.604989674 0.174442977 0.979075643 0.104788035 0.019420631 -0.412090749 -0.024060686 0.910825064 0.156804953
0.895661945 -0.194442560 0.399977213 -0.610323753 0.167110277 0.980596297 0.102494186 0.025906901 -0.412145406 -0.024959839 0.910776137 0.158804120
0.894960361 -0.189065637 0.404104116 -0.615165997 0.161300906 0.981616642 0.102033254 0.031235896 -0.415966308 -0.026133358 0.909004444 0.163664063
0.892816682 -0.182903713 0.411612202 -0.619306552 0.152336563 0.982606170 0.106201156 0.038512168 -0.423877275 -0.032114576 0.905150103 0.172111586
0.892472727 -0.179689436 0.413768217 -0.623594497 0.146924378 0.983013245 0.109991761 0.042784266 -0.426503995 -0.037372009 0.903713270 0.176872922
0.892138266 -0.179426626 0.414602701 -0.628545070 0.145868366 0.982997067 0.111531101 0.044678869 -0.427564888 -0.039023745 0.903141968 0.181842552
0.892968980 -0.174726703 0.414821623 -0.633473347 0.141592756 0.983838932 0.109601310 0.048145421 -0.427267938 -0.039134833 0.903277684 0.186895122
0.893825048 -0.169083049 0.415316392 -0.637575961 0.135312347 0.984713363 0.109682097 0.052739506 -0.427512984 -0.041839170 0.903040493 0.190875400
0.893911399 -0.163671305 0.417293799 -0.640556178 0.131553193 0.985751355 0.104823775 0.054963146 -0.428504572 -0.038806835 0.902705855 0.197432964
0.893127630 -0.167041231 0.417636521 -0.644133724 0.135338110 0.985257624 0.104647075 0.050691365 -0.428959942 -0.036941057 0.902567851 0.204526749
0.891448983 -0.172033092 0.419193661 -0.646362425 0.137761356 0.984230693 0.110958331 0.046446672 -0.431671772 -0.041165004 0.901090963 0.210948102
0.893499333 -0.174117908 0.413934653 -0.649623526 0.141946411 0.984017662 0.107519562 0.040609974 -0.426040090 -0.037312119 0.903934537 0.215122743
0.890227488 -0.183462450 0.416937105 -0.651466287 0.153839393 0.982617639 0.103903879 0.028284314 -0.428752214 -0.028356738 0.902976985 0.226371078
0.890353452 -0.185846274 0.415610266 -0.653215991 0.155739942 0.982143605 0.105541510 0.023484148 -0.427803461 -0.029242129 0.903398637 0.231375784
0.886949899 -0.191903221 0.420110737 -0.653886244 0.161017967 0.981005860 0.108169850 0.015629912 -0.432889237 -0.028295861 0.901002915 0.241636454
0.886317220 -0.194128398 0.420423536 -0.655284205 0.164243914 0.980647450 0.106557568 0.009042734 -0.432973119 -0.025391801 0.901049130 0.249432737
0.885771487 -0.194194392 0.421541707 -0.657024932 0.166001445 0.980732946 0.102987417 0.004659274 -0.433419419 -0.021246785 0.900941830 0.256530193
0.887029793 -0.191267772 0.420231824 -0.659901685 0.164742991 0.981363183 0.098924466 0.002168278 -0.431321103 -0.018518701 0.902008406 0.262494715
0.884085968 -0.195558734 0.424439375 -0.661559500 0.167869591 0.980507618 0.102100986 -0.003389495 -0.436132780 -0.019015585 0.899681391 0.272378447
0.884072188 -0.196596918 0.423988229 -0.664804897 0.169365830 0.980321998 0.101410041 -0.007005028 -0.435581890 -0.017844678 0.899972213 0.277167077
0.885720817 -0.193552351 0.421943269 -0.668861557 0.168053463 0.980972193 0.097219287 -0.008632808 -0.432731635 -0.015200119 0.901394635 0.281731401
0.885869460 -0.190525007 0.423007709 -0.672606345 0.167606369 0.981633129 0.091129060 -0.011112577 -0.432600745 -0.009829665 0.901532014 0.288685010
0.886051784 -0.187860528 0.423816775 -0.675619521 0.167257248 0.982182809 0.085685136 -0.012765303 -0.432362405 -0.005035041 0.901685865 0.294429074
0.884594013 -0.184540508 0.428296899 -0.678059066 0.165947656 0.982824852 0.080725997 -0.013409045 -0.435838053 -0.000334867 0.900025044 0.302659728
0.884480345 -0.184548369 0.428528200 -0.682537878 0.166234890 0.982823372 0.080150985 -0.015568106 -0.435959264 0.000344367 0.899966333 0.308415628
0.883580764 -0.183690589 0.430746794 -0.685211857 0.166685199 0.982977795 0.077270302 -0.017019997 -0.437608361 0.003524562 0.899158773 0.314711679
0.880930391 -0.182841072 0.436498327 -0.686732606 0.169892829 0.983050412 0.068908019 -0.020944371 -0.441699076 0.013454768 0.897062370 0.324343663
0.883393221 -0.178218152 0.433422089 -0.693352616 0.161309565 0.983986635 0.075825631 -0.015495079 -0.439995047 0.002931281 0.897995416 0.325971936
0.883339580 -0.181705896 0.432081188 -0.698074817 0.164629121 0.983347896 0.076968617 -0.019439237 -0.438871779 0.003143720 0.898544200 0.329311048
0.884376840 -0.188032723 0.427225116 -0.703995237 0.168410922 0.982160659 0.083655252 -0.023798260 -0.435333627 -0.002033392 0.900266904 0.330292809
0.884112892 -0.189321082 0.427202438 -0.708478913 0.167971764 0.981899160 0.087518716 -0.025073289 -0.436038853 -0.005618478 0.899910302 0.335134004
0.879520434 -0.189627474 0.436446133 -0.708006017 0.169841624 0.981856109 0.084335068 -0.028523412 -0.444519548 -0.000047696 0.895769149 0.346182472
0.875346601 -0.191245440 0.444064758 -0.709279614 0.173813069 0.981516710 0.080087229 -0.033485360 -0.451173298 0.007080175 0.892408273 0.355111264
0.871720759 -0.193198077 0.450308140 -0.711597983 0.178597592 0.981046665 0.075168751 -0.039617990 -0.456295757 0.014897789 0.889703455 0.363304136
0.871639152 -0.193305480 0.450420004 -0.716604398 0.175762692 0.981100672 0.080925563 -0.038688253 -0.457550724 0.008629143 0.889141650 0.365498380
0.869503557 -0.194155608 0.454166451 -0.720007914 0.178218765 0.980884470 0.078126357 -0.042809874 -0.460653489 0.013009839 0.887484708 0.371645460
0.869060736 -0.194451806 0.454886724 -0.725473078 0.177759324 0.980843269 0.079674992 -0.044452399 -0.461665527 0.011617950 0.886977995 0.375538822
0.867107960 -0.197221173 0.457414030 -0.728978457 0.181223045 0.980254793 0.079112255 -0.049560297 -0.463984907 0.014295097 0.885727755 0.380345602
0.863979734 -0.201391464 0.461498100 -0.732269460 0.185775617 0.979363758 0.079586747 -0.055785687 -0.468002605 0.016973758 0.883564063 0.386453095
